10217
10226
10235
10240
10241
10243
10256
10265
10266
10269
10271
10273
10274
10277
10278
10290
10291
10292
10297
10304
10308
10309
10318
10326
10331
10340
10400
10407
10410
10411
10412
10418
10425
10426
10429
10437
10443
10448
10449
10451
10452
10457
10464
10466
10469
10470
10477
10480
10481
10487
10494
10495
10497
10499
10506
10508
10516
10529
10533
10535
10540
10542
10548
10549
10551
10552
10559
10591
10595
10603
10604
10613
10614
10621
10623
10626
10629
10633
10634
10639
10642
10643
10646
10647
10648
10661
10662
10663
10664
10667
10687
10694
10696
10700
10703
10707
10708
10712
10716
10720
10722
10759
10763
10764
10767
10769
10770
10771
10773
10776
10798
10801
10809
10810
10819
10826
10827
10829
10835
10837
10841
10854
10856
10858
10864
10865
10891
10892
10899
10900
10905
10927
10938
10951
10964
10970
10973
10976
10985
10986
10992
10996
10998
11001
11016
11017
11018
11020
11024
11025
11033
11040
11042
11045
11047
11050
11051
11053
11066
11076
11081
11082
11088
11092
11095
11098
11118
11139
11141
11142
11151
11161
11163
11165
11166
11178
11182
11183
11195
11200
11207
11223
11233
11234
11242
11252
11261
11269
11270
11279
11291
11294
11296
11297
11298
11309
11313
11314
11320
11327
11334
11338
11341
11344
11346
11349
11358
11364
11367
11368
11375
11382
11395
11409
11420
11423
11426
11438
11440
11441
11445
11446
11448
11458
11470
11478
11481
11502
11505
11506
11509
11511
11521
11524
11529
11535
11542
11549
11550
11556
11564
11566
11567
11568
11570
11571
11573
11575
11582
11587
11597
11602
11618
11634
11643
11647
11649
11650
11653
11658
11665
11669
11676
11681
11684
11689
11690
11703
11704
11718
11725
11728
11744
11753
11756
11759
11760
11761
11762
11764
11785
11789
11790
11791
11794
11799
11802
11807
11808
11828
11830
11836
11848
11849
11865
11866
11877
11879
11884
11898
11905
11915
11916
11919
11922
11935
11941
11948
11955
11962
11972
11973
11975
11981
11999
12005
12006
12015
12024
12029
12037
12038
12043
12050
12061
12065
12070
12071
12079
12086
12093
12095
12098
12101
12112
12135
12138
12141
12142
12143
12180
12186
12189
12191
12193
12195
12196
12218
12233
12282
12286
12289
12296
12301
12306
12312
12322
12328
12330
12365
12386
12387
12388
12395
12397
12404
12405
12406
12409
12412
12417
12419
12420
12422
12425
12430
12431
12437
12439
12443
12444
12452
12453
12456
12457
12461
12466
12488
12498
12501
12506
12511
12514
12515
12517
12520
12523
12524
12528
12537
12542
12543
12551
12552
12554
12555
12559
12562
12563
12568
12570
12574
12576
12578
12580
12581
12584
12587
12589
12592
12593
12594
12595
12597
12598
12602
12606
12608
12610
12611
12613
12615
12616
12618
12619
12620
12623
12624
12625
12626
12627
12630
12631
12632
12633
12634
12635
12636
12639
12641
12643
12645
12647
12649
12650
12651
12653
12655
12657
12658
12659
12660
12661
12663
12664
12665
12666
12667
12670
12671
12673
12674
12675
12677
12678
12679
12680
12687
12688
12689
12690
12691
12692
12693
12694
12696
12697
12698
12699
12700
12701
12702
12704
12705
12706
12707
12708
12709
12710
12712
12717
12718
12722
12723
12725
12726
12727
12728
12730
12731
12733
12734
12735
12736
12737
12739
12740
12741
12743
12744
12745
12746
12750
12751
12752
12756
12757
12759
12763
12764
12765
12768
12769
12770
12771
12772
12773
12775
12776
12777
12778
12779
12780
12781
12782
12784
12785
12786
12787
12792
12793
12794
12795
12796
12797
12799
12800
12801
12802
12804
12805
12806
12807
12808
12810
12812
12813
12814
12815
12816
12817
12818
12820
12821
12822
12823
12824
12825
12826
12827
12828
12829
12830
12831
12832
12833
12835
12840
12841
12843
12845
12847
12849
12850
12851
12852
12853
12855
12856
12857
12858
12861
12863
12864
12865
12866
12868
12871
12874
12875
12876
12877
12879
12880
12881
12882
12885
12887
12888
12889
12891
12892
12893
12895
12896
12897
12900
12901
12902
12903
12904
12905
12906
12907
12908
12909
12910
12912
12913
12914
12915
12916
12917
12918
12920
12921
12923
12924
12925
12932
12933
12934
12936
12937
12939
12940
12943
12944
12948
12949
12950
12953
12957
12961
12962
12963
12964
12966
12968
12969
12970
12972
12979
12984
12987
12988
12994
13010
13013
13016
13017
13025
13028
13031
13037
13038
13042
13044
13047
13056
13065
13070
13079
13084
13085
13090
13094
13101
13103
13122
13124
13125
13128
13131
13133
13134
13135
13136
13137
13138
13141
13143
13145
13146
13147
13149
13150
13152
13154
13158
13159
13162
13163
13166
13167
13169
13170
13171
13172
13174
13175
13178
13180
13182
13184
13186
13187
13189
13190
13193
13197
13199
13200
13203
13205
13206
13207
13209
13210
13213
13217
13220
13222
13224
13225
13226
13228
13229
13236
13237
13240
13246
13261
13267
13274
13277
13286
13287
13288
13290
13291
13292
13293
13295
13296
13299
13300
13301
13303
13304
13305
13306
13308
13309
13310
13311
13313
13316
13317
13318
13319
13320
13321
13322
13323
13325
13326
13327
13328
13329
13330
13331
13332
13333
13334
13335
13336
13337
13338
13339
13340
13341
13342
13343
13344
13345
13347
13348
13350
13351
13353
13354
13356
13357
13358
13359
13360
13361
13362
13364
13365
13366
13367
13368
13369
13370
13372
13373
13374
13375
13376
13377
13378
13379
13380
13381
13382
13383
13385
13386
13387
13390
13392
13393
13395
13396
13397
13398
13399
13401
13402
13403
13404
13405
13408
13410
13411
13412
13413
13415
13416
13417
13419
13420
13421
13422
13423
13424
13425
13426
13430
13431
13432
13434
13435
13436
