10767
10769
11141
11502
11509
11564
11568
11309
11506
11681
11785
12086
12101
11597
11684
11808
11849
11877
10841
10865
11182
11344
11364
11481
11505
11570
11582
11915
10235
10277
10429
10542
11550
11999
11962
10464
10499
11972
11975
11438
11524
11650
11916
12006
10722
10892
11898
11973
12005
12037
12071
10700
10611
10326
10488
10466
10540
11044
11003
10518
10835
10551
11289
11139
11017
11336
10514
11142
11098
10549
11018
10278
10759
11165
11079
10515
10665
11056
10443
10259
11161
10593
10735
10607
11339
10410
11253
10720
10470
10268
10516
10481
10883
11029
11195
10497
10257
11382
11567
11088
10411
11306
10710
10269
10686
10667
10777
10262
11095
11526
10284
10539
11559
10510
10891
11279
10937
10535
10233
11206
10858
10221
11066
11288
11166
10548
10856
10950
11033
11242
10426
10366
11358
10318
10791
10776
11251
10739
11371
10875
11476
11100
10342
10444
11343
11258
10579
11273
11303
10343
10349
10646
10634
10573
11606
10907
11374
10547
11156
11037
11545
11155
11233
11292
10531
11728
10854
11367
11441
10614
11445
11001
10584
11576
10793
10626
11510
10698
10271
10599
10632
10418
10642
10455
10602
10951
10754
10900
10846
10226
11581
10297
11174
10550
10696
11119
10934
10256
10687
10567
10508
11081
10629
10482
10400
11618
10716
10931
10979
10748
10896
10323
10452
10582
11175
11234
11225
10844
11525
10985
10920
10333
10935
10764
10927
10454
10703
11083
11151
10477
11178
10252
11102
11060
11308
10728
10998
11511
10829
11047
10613
10864
11076
11349
10595
10771
11298
11341
11042
10578
10964
11051
11458
10712
10976
10633
11566
10763
11377
11227
10507
10605
10338
10521
11092
11408
11311
11020
10309
10928
10308
11099
10348
11163
11040
10291
10346
10603
10694
11705
10552
10938
10266
10842
10506
10449
10217
11369
10810
10648
10359
10352
10265
11521
10478
10601
11571
10666
10474
11314
10713
10889
10623
11556
11480
11674
10986
10719
10715
11448
11423
11338
11554
10451
